600.003700 1.421020 
600.244800 1.421825 
600.485800 1.420897 
600.726900 1.421465 
600.968000 1.423560 
601.209000 1.426309 
601.450100 1.428084 
601.691200 1.428830 
601.932300 1.429238 
602.173300 1.430526 
602.414400 1.432741 
602.655400 1.434840 
602.896500 1.434643 
603.137500 1.430907 
603.378600 1.425533 
603.619600 1.424124 
603.860700 1.429334 
604.101800 1.437471 
604.342800 1.441895 
604.583900 1.441162 
604.825000 1.439464 
605.066000 1.440981 
605.307100 1.444375 
605.548200 1.446213 
605.789200 1.444594 
606.030300 1.442599 
606.271400 1.442176 
606.512400 1.442391 
606.753500 1.440990 
606.994500 1.439300 
607.235600 1.438779 
607.476600 1.441083 
607.717700 1.444215 
607.958800 1.446136 
608.199800 1.445926 
608.440900 1.444603 
608.681900 1.442029 
608.923000 1.439609 
609.164100 1.437429 
609.405200 1.435783 
609.646200 1.435468 
609.887300 1.435723 
610.128400 1.437089 
610.369400 1.440564 
610.610500 1.445170 
610.851500 1.449757 
611.092600 1.451871 
611.333600 1.451665 
611.574700 1.451231 
611.815800 1.451409 
612.056800 1.450535 
